’ ,111. , ’3 ’ 1111, 161, ,·

11111 11121611111186. 2, 61, 31. 311111, 115,11. . ,
1111111 1, 106, 38. 1611, 129, 21. Balearica major 1111111161 2, 152, 28, ,
1,131,1.1,11,1.1,111.1,161, 1111316 · ζ
161, 161, 11. p· 11161. ,1. Bassareu, ,,195. 11· p· 111. 21 .
218, 11. · 6132. ’

6116611111, 170. 8161611661 p. 211, 91.

Atreu& 1, 11. 1, 161, 11. 1, 111. Bebrycia 1, 111· ,

11,-,11116116 , . Bebrycii 1, 93, 16. 1, 161, 1ο.
Atridae 1.,166, 6 < Bebrycium nemus 1. 116.

Atropos 1,11ο.1,11, 611131. 61111616· , ‘

p 187,12· · , 86113611,15· 17. ,
61218662236, 16. p· 237, 8199· Bellerophon, 71. 1, 72, 3'1 et ι
1111111111,216,176121 , ,. 31. 1, 131, 132 1311. 251,
,1111 1. 13612. 11. 1613 ·
Auster 1, 183, 6. , Bellona 11,, 250, 35.

Aulis 11161111 1, 20, 37· 2, 202, 33. ΒΘῙΜ 1,131,9. 1,15, 16 rex ἶ

111111, 11, 7· , 221111611113833.1,211,21.
auricomus Apollo p. 201, 37· ’ 2,103, 31· 2, 200, 1111
1111111,11,11.1,139.1,153.8616611161, 111, 26
2, 51· 219112, 216, 11. etc. Berecynthia 1, 230. 1). 157, 16. 29
3111611οό 1, 120, 37. 1, 201,2. 2, 6110616 p. 159, 2 ’
78, 39· 2, 81· p. 21512. 1156111661· 195, 11111
1161111116 p. 205, 10. bimatusp· 195, 4
Aventinus 1, 202, 21. 81161, 29, 2, 66.
11611116 116116 ,2, 228· , . 811116 2, 152, 35,
Avienus 11.217,1·’ 86111012,152, 35.
x Βο661111,119,8. 2, 77, 1·

B β’ 8111161016· 1,1 173, Ι35· 2,·202, 18·
Bacchae 1,,120 38. 2, 78121). 8661662, 61,13·

116, 16 31 ⁴ 1111111111, 1.1,111.1,163,1. ”

Bacchus, 111111 ejus 1161111111 61 officia 1, 201 p 65, 5 2,112, 8619 x
2.,21319199η1201μ3 1,201 2181319616. .
,1611211111 1111136612 61, 611161111111, 81, 132, 86,6
9811116111 p 17811161611716·2222118281 2, 35 .
511111, 155, 10 1110111101111111· 1111111111, 53, 31. ,

811266 1,195,17. 2,152,, 31121 811668 1,209, 12· 2, 205120·
227. P· 175, 28· 81116116 p. 211, 25 et 27.

Baianum 1, 226, 19· 2, 227. · 81811112. 221. 19.

01211Ι1111,110,26. 2,11, 32. p. Brundusium, 125,16. ,
161, 31. ’ 11111111,11,311161.1,111,16

 

